DISPLAY_HEIGHT_IN_METER = 8
DISPLAY_SCALE = 1
0.003820m/px, 261.75px/m
tilesize = 0.1856m, 48.58px

DISPLAY_HEIGHT_IN_METER = 8
DISPLAY_SCALE = 0.1
0.03820m/px, 26.175px/m
tilesize = 0.1856m, 4.85px

DISPLAY_HEIGHT_IN_METER = 1
DISPLAY_SCALE = 1
0.0004775m/px, 2094px/m
tilesize = 0.02320m, 48.58px

DISPLAY_HEIGHT_IN_METER = 1
DISPLAY_SCALE = 0.1
0.004776m/px, 209.4px/m
tilesize = 0.02321m, 4.86px
